0000000000000000000000000000000000000000000000000
0000000000000000000000000000000000000000000000000
0000000000000000000000000000000000000000000000000
0000000000000000000000000000000000000000000000000
0000000000000000000000000000000000000000000000000
0000000000000000000000000000000000000000000000000
0000000000000000000000000000000000000000000000000
0000000000000099999999999999999999900000000000000
0000000000000088888888888888888888800000000000000
0000000000000000000000000000000000000000000000000
0000000000000000000000000000000000000000000000000
0000000000000000000000000000888888800000000000000
0000000000000000000000000000777777700000000000000
0000000000000000000000000000000000000000000000000
0000000000000000000000000000000000000000000000000
0000000000000000000000000000000000000000000000000
0000000000000000000000000000000000000000000000000
0000000000000000000000000000000000000000000000000
