000000000000000000000000000000000000000000000000000
000000000000000000000000000000000000000000000000000
000000000000000000000000000000000000000000000000000
000000000000000000000000000000000000000000000000000
000000000000000000000000000000000000000000000000000
000000000000000000000000000000000000000000000000000
000999999900999999800999999009999990089000009999900
000988888800980009800988888009888880089000009888800
000980000000980009800980000009800000089000009800000
000980099900980009800980999009809990089000009999000
000980000900980009800980009009800090089000009888000
000999999900999999800999999009999990089999009999900
000888888800888888800888888008888880088888008888800
000000000000000000000000000000000000000000000000000
000000000000000000000000000000000000000000000000000
000000000000000000000000000000000000000000000000000
000000000000000000000000000000000000000000000000000
000000000000000000000000000000000000000000000000000
000000000000000000000000000000000000000000000000000