000000000000000000000000000000000000000000000000000
000000000000000000000000000000000000000000000000000
000000000777777777777777777777777777777700000000000
000000000733333333333333333333333333333700000000000
000000000733333333333333333333333333333700000000000
000000000733333333333333333333333333333700000000000
000000000733333333333333333333333333333700000000000
000000000733333333333333333333333333333700000000000
000000000733333333333333333333333333333700000000000
000000000777777777777777777777777777777700000000000
000000000000000000000000000000000000000000000000000
000000000000000000000000000000008888888000000000000
000000000000000000000000000000007777777000000000000
000000000000000000000000000000000000000000000000000
000000000000000000000000000000000000000000000000000
000000000000000000000000000000000000000000000000000
000000000000000000000000000000000000000000000000000
000000000000000000000000000000000000000000000000000
