000000000799999999999999999999999999999997000000000
000000000799999999999999999999999999999997000000000
000000000799999999999999999999999999999997000000000
000000000799999999999999999999999999999997000000000
000000000799999999999999999999999999999997000000000
000000000799999999999999999999999999999997000000000
000000000799999999999999999999999999999997000000000
000000000799999999999999999999999999999997000000000
000000000799999999999999999999999999999997000000000
000000000799999999999999999999999999999997000000000
000000000799999999999999999999999999999997000000000
000000000799999999999999999999999999999997000000000
000000000799999999999999999999999999999997000000000
000000000799999999999999999999999999999997000000000
000000000799999999999999999999999999999997000000000
000000000799999999999999999999999999999997000000000
000000000799999999988888888889999999999997000000000
000000000799999999977777777779999999999997000000000
000000000799999999999999999999999999999997000000000
