
111111111111111111111111111111111111111111111111111
111111111111111111111111111111111111111111111111111
111110000011000001100000110000011011111000011111111
111110111111011101101111110111111011111011111111111
111110100011011101101000110100011011111000111111111
111110111011011101101110110111011011111011111111111
111110000011000001100000110000011000011000011111111
111111111111111111111111111111111111111111111111111
111111111111111111111111111111111111111111111111111
111111111111111111111111111111111111111111111111111
777777777777777777777777777777777777777777777777777
777777777777777777777777777777777777777777777777777
777777777777777777777777777777777777777777777777777
777777777777777777777777777777777777777777777777777
777777777777777777777777777777777777777777777777777
777777777777777777777777777777777777777777777777777
777777777777777777777777777777777777777777777777777
777777777777777777777777777777777777777777777777777
777777777777777777777777777777777777777777777777777
