777777777777777777777777777777777777777777777777777
777777777777777777777777777777777777777777777777777
777777777777777777777777777777777777777777777777777
888888888888888888888888888888888888888888888888888
888888888888888888888888888888888888888888888888888
888888888888888888888888888888888888888888888888888
888888888888888888888888888888888888888888888888888
888888888888888888888888888888888888888888888888888
888888888888888888888888888888888888888888888888888
888888888888888888888888888888888888888888888888888
888888888888888888888888888888888888888888888888888
888888888888888888888888888888888888888888888888888
888888888888888888888888888888888888888888888888888
888888888888888888888888888888888888888888888888888
888888888888888888888888888888888888888888888888888
888888888888888888888888888888888888888877777788888
888888888888888888888888888888888888888888888888888
777777777777777777777777777777777777777777777777777
777777777777777777777777777777777777777777777777777
